region_id,region_description
1,Western
2,Southern
3,Western
4,Northern